4.060000000000000000e+02 1.675000000000000000e+02
3.865000000000000000e+02 1.675000000000000000e+02
4.045000000000000000e+02 1.860000000000000000e+02
3.865000000000000000e+02 1.855000000000000000e+02
3.685000000000000000e+02 1.670000000000000000e+02
4.225000000000000000e+02 1.860000000000000000e+02
4.225000000000000000e+02 2.045000000000000000e+02
4.045000000000000000e+02 2.045000000000000000e+02
3.685000000000000000e+02 1.855000000000000000e+02
3.865000000000000000e+02 2.035000000000000000e+02
3.685000000000000000e+02 2.035000000000000000e+02
3.505000000000000000e+02 1.670000000000000000e+02
3.510000000000000000e+02 1.860000000000000000e+02
4.045000000000000000e+02 2.220000000000000000e+02
3.860000000000000000e+02 2.220000000000000000e+02
3.490000000000000000e+02 2.040000000000000000e+02
3.675000000000000000e+02 2.215000000000000000e+02
3.495000000000000000e+02 2.215000000000000000e+02
3.320000000000000000e+02 1.845000000000000000e+02
3.305000000000000000e+02 2.025000000000000000e+02
3.855000000000000000e+02 2.405000000000000000e+02
3.675000000000000000e+02 2.395000000000000000e+02
3.315000000000000000e+02 2.210000000000000000e+02
3.495000000000000000e+02 2.395000000000000000e+02
3.310000000000000000e+02 2.395000000000000000e+02
3.135000000000000000e+02 2.030000000000000000e+02
3.135000000000000000e+02 2.210000000000000000e+02
3.675000000000000000e+02 2.580000000000000000e+02
3.490000000000000000e+02 2.580000000000000000e+02
3.130000000000000000e+02 2.390000000000000000e+02
3.305000000000000000e+02 2.575000000000000000e+02
3.130000000000000000e+02 2.580000000000000000e+02
3.485000000000000000e+02 2.765000000000000000e+02
3.305000000000000000e+02 2.755000000000000000e+02
3.125000000000000000e+02 2.755000000000000000e+02
3.305000000000000000e+02 2.945000000000000000e+02
3.125000000000000000e+02 2.945000000000000000e+02
3.485000000000000000e+02 2.945000000000000000e+02
3.670000000000000000e+02 2.765000000000000000e+02
3.665000000000000000e+02 2.945000000000000000e+02
3.855000000000000000e+02 2.585000000000000000e+02
3.855000000000000000e+02 2.765000000000000000e+02
3.850000000000000000e+02 2.945000000000000000e+02
4.035000000000000000e+02 2.765000000000000000e+02
4.035000000000000000e+02 2.955000000000000000e+02
4.035000000000000000e+02 2.590000000000000000e+02
4.220000000000000000e+02 2.590000000000000000e+02
4.215000000000000000e+02 2.775000000000000000e+02
4.215000000000000000e+02 2.955000000000000000e+02
4.405000000000000000e+02 2.775000000000000000e+02
4.405000000000000000e+02 2.955000000000000000e+02
4.405000000000000000e+02 2.595000000000000000e+02
4.585000000000000000e+02 2.590000000000000000e+02
4.595000000000000000e+02 2.775000000000000000e+02
4.580000000000000000e+02 2.960000000000000000e+02
4.225000000000000000e+02 2.405000000000000000e+02
4.410000000000000000e+02 2.415000000000000000e+02
4.600000000000000000e+02 2.410000000000000000e+02
4.410000000000000000e+02 2.230000000000000000e+02
4.590000000000000000e+02 2.225000000000000000e+02
4.410000000000000000e+02 2.045000000000000000e+02
4.225000000000000000e+02 2.225000000000000000e+02
4.600000000000000000e+02 2.045000000000000000e+02
4.405000000000000000e+02 1.870000000000000000e+02
4.630000000000000000e+02 1.880000000000000000e+02
4.250000000000000000e+02 1.790000000000000000e+02
4.410000000000000000e+02 1.790000000000000000e+02
4.040000000000000000e+02 2.405000000000000000e+02
3.075000000000000000e+02 1.840000000000000000e+02
3.330000000000000000e+02 1.675000000000000000e+02
