2018-08-17 07:48:26.243004, 1534492106.24
1534492106.5
1534492106.68
1534492106.84
1534492107.02
1534492107.2
1534492107.34
1534492107.51
1534492107.68
1534492107.85
1534492108.01
1534492108.17
1534492108.34
1534492108.51
1534492108.68
1534492108.84
1534492109.01
1534492109.18
1534492109.34
1534492109.51
1534492109.67
1534492109.84
1534492110.01
1534492110.17
1534492110.34
1534492110.51
1534492110.68
1534492110.84
1534492111.02
1534492111.17
1534492111.34
1534492111.51
1534492111.67
1534492111.84
1534492112.0
1534492112.17
1534492112.34
1534492112.51
1534492112.67
1534492112.83
1534492113.0
1534492113.17
1534492113.33
1534492113.5
1534492113.67
1534492113.83
1534492114.0
1534492114.17
1534492114.34
1534492114.5
1534492114.67
1534492114.84
1534492115.02
1534492115.17
1534492115.33
1534492115.51
1534492115.66
1534492115.83
1534492116.0
1534492116.17
1534492116.34
1534492116.5
1534492116.67
1534492116.83
1534492117.0
1534492117.17
1534492117.33
1534492117.5
1534492117.67
1534492117.83
1534492118.0
1534492118.16
1534492118.33
1534492118.5
1534492118.66
1534492118.83
1534492118.99
1534492119.16
1534492119.34
1534492119.5
1534492119.67
1534492119.83
1534492120.0
1534492120.17
1534492120.33
1534492120.5
1534492120.66
1534492120.83
1534492121.0
1534492121.16
1534492121.33
1534492121.5
1534492121.66
1534492121.82
1534492121.99
1534492122.16
1534492122.33
1534492122.49
1534492122.66
1534492122.82
1534492123.01
1534492123.16
1534492123.32
1534492123.49
1534492123.66
1534492123.82
1534492123.99
1534492124.16
1534492124.32
1534492124.49
1534492124.66
1534492124.82
1534492124.99
1534492125.15
1534492125.32
1534492125.49
1534492125.65
1534492125.82
1534492125.99
1534492126.15
1534492126.32
1534492126.5
1534492126.65
1534492126.82
1534492126.99
1534492127.15
1534492127.32
1534492127.49
1534492127.66
1534492127.83
1534492127.98
1534492128.16
1534492128.34
1534492128.48
1534492128.65
1534492128.82
1534492128.98
1534492129.15
1534492129.32
1534492129.49
1534492129.65
1534492129.82
1534492129.99
1534492130.15
1534492130.32
1534492130.49
1534492130.65
1534492130.82
1534492130.99
1534492131.15
1534492131.32
1534492131.5
1534492131.65
1534492131.81
1534492131.98
1534492132.15
1534492132.31
1534492132.48
1534492132.65
1534492132.81
1534492132.98
1534492133.15
1534492133.31
1534492133.48
1534492133.65
1534492133.81
1534492133.98
1534492134.15
1534492134.31
1534492134.48
1534492134.65
1534492134.81
1534492134.98
1534492135.15
1534492135.31
1534492135.48
1534492135.65
1534492135.82
1534492136.0
1534492136.15
1534492136.33
1534492136.48
1534492136.65
1534492136.81
1534492136.98
1534492137.15
1534492137.32
1534492137.48
1534492137.66
1534492137.81
1534492137.98
1534492138.14
1534492138.31
1534492138.48
1534492138.64
1534492138.81
1534492138.98
1534492139.14
1534492139.31
1534492139.49
1534492139.65
1534492139.81
1534492139.98
1534492140.15
1534492140.31
1534492140.47
1534492140.64
1534492140.81
1534492140.97
1534492141.14
1534492141.31
1534492141.47
1534492141.64
1534492141.8
1534492141.99
1534492142.14
1534492142.31
1534492142.48
1534492142.64
1534492142.8
1534492142.98
1534492143.14
1534492143.3
1534492143.49
1534492143.66
1534492143.8
1534492143.98
1534492144.15
1534492144.31
1534492144.47
1534492144.64
1534492144.8
1534492144.97
1534492145.13
1534492145.3
1534492145.47
1534492145.65
1534492145.8
1534492145.97
1534492146.13
1534492146.3
1534492146.47
1534492146.63
1534492146.8
1534492146.97
1534492147.15
1534492147.3
1534492147.46
1534492147.63
1534492147.82
1534492147.96
1534492148.14
1534492148.3
1534492148.47
1534492148.63
1534492148.81
1534492148.96
1534492149.13
1534492149.3
1534492149.47
1534492149.63
1534492149.8
1534492149.96
1534492150.13
1534492150.3
1534492150.48
1534492150.63
1534492150.79
1534492150.96
1534492151.13
1534492151.3
1534492151.47
1534492151.64
1534492151.79
1534492151.96
1534492152.13
1534492152.3
1534492152.46
1534492152.62
1534492152.8
1534492152.96
1534492153.13
1534492153.29
1534492153.46
1534492153.63
1534492153.79
1534492153.99
1534492154.13
1534492154.3
1534492154.46
1534492154.63
1534492154.79
1534492154.96
1534492155.12
1534492155.3
1534492155.46
1534492155.62
1534492155.79
1534492155.96
1534492156.12
1534492156.29
1534492156.46
1534492156.62
1534492156.79
1534492156.96
1534492157.14
1534492157.29
1534492157.46
1534492157.62
1534492157.79
1534492157.96
1534492158.14
1534492158.29
1534492158.45
1534492158.62
1534492158.79
1534492158.95
1534492159.12
1534492159.29
1534492159.45
1534492159.62
1534492159.81
1534492159.95
1534492160.12
1534492160.29
1534492160.45
1534492160.62
1534492160.78
1534492160.97
1534492161.12
1534492161.28
1534492161.46
1534492161.62
1534492161.79
1534492161.95
1534492162.12
1534492162.28
1534492162.45
1534492162.61
1534492162.78
1534492162.95
1534492163.12
1534492163.28
1534492163.45
1534492163.62
1534492163.79
1534492163.95
1534492164.12
1534492164.29
1534492164.47
1534492164.62
1534492164.78
1534492164.95
1534492165.12
1534492165.28
1534492165.45
1534492165.62
1534492165.79
1534492165.95
1534492166.12
1534492166.29
1534492166.45
1534492166.61
1534492166.78
1534492166.95
1534492167.11
1534492167.28
1534492167.45
1534492167.61
1534492167.78
1534492167.94
1534492168.11
1534492168.28
1534492168.45
1534492168.62
1534492168.78
1534492168.94
1534492169.11
1534492169.28
1534492169.44
1534492169.61
1534492169.78
1534492169.94
1534492170.11
1534492170.27
1534492170.44
1534492170.63
1534492170.77
1534492170.94
1534492171.11
1534492171.27
1534492171.44
1534492171.62
1534492171.77
1534492171.94
1534492172.1
1534492172.27
1534492172.44
1534492172.62
1534492172.79
1534492172.94
