2018-08-17 21:09:15.989387, 1534540155.99
1534540156.47
1534540156.63
1534540156.8
1534540156.96
1534540157.13
1534540157.3
1534540157.46
1534540157.63
1534540157.8
1534540157.96
1534540158.13
1534540158.3
1534540158.46
1534540158.63
1534540158.8
1534540158.96
1534540159.13
1534540159.3
1534540159.46
1534540159.63
1534540159.8
1534540159.96
1534540160.13
1534540160.29
1534540160.46
1534540160.63
1534540160.79
1534540160.96
1534540161.13
1534540161.3
1534540161.46
1534540161.63
1534540161.79
1534540161.97
1534540162.13
1534540162.29
1534540162.46
1534540162.63
1534540162.81
1534540162.96
1534540163.13
1534540163.29
1534540163.46
1534540163.63
1534540163.79
1534540163.96
1534540164.12
1534540164.29
1534540164.46
1534540164.62
1534540164.81
1534540164.96
1534540165.12
1534540165.29
1534540165.46
1534540165.62
1534540165.79
1534540165.96
1534540166.12
1534540166.29
1534540166.45
1534540166.62
1534540166.79
1534540166.96
1534540167.12
1534540167.29
1534540167.45
1534540167.62
1534540167.79
1534540167.95
1534540168.12
1534540168.29
1534540168.46
1534540168.62
1534540168.79
1534540168.95
1534540169.12
1534540169.29
1534540169.45
1534540169.62
1534540169.79
1534540169.95
1534540170.12
1534540170.29
1534540170.45
1534540170.62
1534540170.78
1534540170.95
1534540171.12
1534540171.28
1534540171.45
1534540171.62
1534540171.79
1534540171.95
1534540172.11
1534540172.28
1534540172.45
1534540172.62
1534540172.78
1534540172.95
1534540173.11
1534540173.28
1534540173.45
1534540173.61
1534540173.78
1534540173.95
1534540174.11
1534540174.28
1534540174.45
1534540174.61
1534540174.78
1534540174.95
1534540175.11
1534540175.28
1534540175.45
1534540175.61
1534540175.78
1534540175.94
1534540176.11
1534540176.28
1534540176.44
1534540176.61
1534540176.79
1534540176.95
1534540177.11
1534540177.28
1534540177.44
1534540177.61
1534540177.78
1534540177.94
1534540178.11
1534540178.28
1534540178.44
1534540178.61
1534540178.77
1534540178.95
1534540179.11
1534540179.27
1534540179.44
1534540179.61
1534540179.77
1534540179.94
1534540180.11
1534540180.27
1534540180.44
1534540180.61
1534540180.77
1534540180.94
1534540181.11
1534540181.27
1534540181.44
1534540181.6
1534540181.77
1534540181.94
1534540182.1
1534540182.27
1534540182.44
1534540182.6
1534540182.77
1534540182.94
1534540183.1
1534540183.27
1534540183.44
1534540183.6
1534540183.77
1534540183.94
1534540184.1
1534540184.27
1534540184.44
1534540184.6
1534540184.77
1534540184.93
1534540185.1
1534540185.27
1534540185.44
1534540185.6
1534540185.77
1534540185.94
1534540186.1
1534540186.27
1534540186.44
1534540186.6
1534540186.77
1534540186.94
1534540187.1
1534540187.27
1534540187.44
1534540187.6
1534540187.77
1534540187.93
1534540188.1
1534540188.27
1534540188.43
1534540188.6
1534540188.76
1534540188.93
1534540189.1
1534540189.26
1534540189.43
1534540189.6
1534540189.76
1534540189.93
1534540190.1
1534540190.26
1534540190.43
1534540190.6
1534540190.76
1534540190.93
1534540191.1
1534540191.26
1534540191.43
1534540191.59
1534540191.76
1534540191.93
1534540192.1
1534540192.26
1534540192.43
1534540192.6
1534540192.76
1534540192.93
1534540193.1
1534540193.26
1534540193.43
1534540193.59
1534540193.76
1534540193.93
1534540194.09
1534540194.26
1534540194.43
1534540194.59
1534540194.76
1534540194.92
1534540195.09
1534540195.26
1534540195.42
1534540195.59
1534540195.76
1534540195.92
1534540196.09
1534540196.26
1534540196.43
1534540196.59
1534540196.76
1534540196.92
1534540197.09
1534540197.26
1534540197.42
1534540197.59
1534540197.76
1534540197.92
1534540198.09
1534540198.26
1534540198.42
1534540198.59
1534540198.76
1534540198.92
1534540199.09
1534540199.25
1534540199.42
1534540199.59
1534540199.75
1534540199.92
1534540200.09
1534540200.25
1534540200.42
1534540200.59
1534540200.75
1534540200.92
1534540201.09
1534540201.25
1534540201.42
1534540201.59
1534540201.75
1534540201.92
1534540202.08
1534540202.25
1534540202.42
1534540202.58
1534540202.75
1534540202.92
1534540203.08
1534540203.25
1534540203.42
1534540203.58
1534540203.75
1534540203.92
1534540204.08
1534540204.25
1534540204.42
1534540204.58
1534540204.75
1534540204.91
1534540205.08
1534540205.25
1534540205.41
1534540205.58
1534540205.75
1534540205.91
1534540206.08
1534540206.25
1534540206.41
1534540206.58
1534540206.75
1534540206.91
1534540207.08
1534540207.24
1534540207.41
1534540207.58
1534540207.74
1534540207.91
1534540208.08
1534540208.24
1534540208.41
1534540208.58
1534540208.74
1534540208.92
1534540209.08
1534540209.24
1534540209.41
1534540209.58
1534540209.74
1534540209.91
1534540210.08
1534540210.24
1534540210.41
1534540210.57
1534540210.74
1534540210.91
1534540211.08
1534540211.24
1534540211.41
1534540211.57
1534540211.74
1534540211.91
1534540212.07
1534540212.24
1534540212.41
1534540212.57
1534540212.74
1534540212.91
1534540213.07
1534540213.24
1534540213.41
1534540213.57
1534540213.74
1534540213.91
1534540214.07
1534540214.24
1534540214.4
1534540214.57
1534540214.74
1534540214.9
1534540215.07
1534540215.24
1534540215.4
1534540215.57
1534540215.74
1534540215.91
1534540216.07
1534540216.24
1534540216.4
1534540216.57
1534540216.74
1534540216.9
1534540217.07
1534540217.24
1534540217.4
1534540217.57
1534540217.74
1534540217.9
1534540218.07
1534540218.24
1534540218.4
1534540218.57
1534540218.73
1534540218.9
1534540219.07
1534540219.23
1534540219.4
1534540219.57
1534540219.73
1534540219.9
1534540220.06
1534540220.23
1534540220.4
1534540220.56
1534540220.73
1534540220.9
1534540221.06
1534540221.23
1534540221.4
1534540221.56
1534540221.73
1534540221.9
1534540222.06
1534540222.23
1534540222.4
1534540222.56
1534540222.73
1534540222.9
1534540223.06
1534540223.23
1534540223.4
1534540223.56
1534540223.73
1534540223.89
1534540224.06
1534540224.23
1534540224.39
1534540224.56
1534540224.73
1534540224.89
1534540225.06
1534540225.23
1534540225.39
1534540225.56
1534540225.73
1534540225.89
1534540226.06
1534540226.23
1534540226.39
1534540226.56
1534540226.72
1534540226.89
1534540227.06
1534540227.22
1534540227.39
1534540227.56
1534540227.72
1534540227.89
1534540228.06
1534540228.22
1534540228.39
1534540228.56
1534540228.72
1534540228.89
1534540229.06
1534540229.22
1534540229.39
1534540229.56
1534540229.72
1534540229.89
1534540230.06
1534540230.22
1534540230.39
1534540230.55
1534540230.72
1534540230.89
1534540231.05
1534540231.22
1534540231.39
1534540231.55
1534540231.72
1534540231.89
1534540232.05
1534540232.22
1534540232.39
1534540232.55
1534540232.72
1534540232.89
1534540233.05
1534540233.22
1534540233.39
1534540233.55
1534540233.72
1534540233.89
1534540234.05
1534540234.22
1534540234.39
1534540234.55
1534540234.72
1534540234.88
1534540235.05
1534540235.22
1534540235.38
1534540235.55
1534540235.72
1534540235.88
1534540236.05
1534540236.21
1534540236.38
1534540236.55
1534540236.72
1534540236.88
1534540237.05
1534540237.21
1534540237.38
1534540237.55
1534540237.71
1534540237.88
1534540238.05
1534540238.21
1534540238.38
1534540238.55
1534540238.71
1534540238.88
1534540239.04
1534540239.21
1534540239.38
1534540239.55
1534540239.71
1534540239.88
1534540240.04
1534540240.21
1534540240.38
1534540240.54
1534540240.71
1534540240.88
1534540241.04
1534540241.21
1534540241.38
1534540241.54
1534540241.71
1534540241.88
1534540242.04
1534540242.21
1534540242.38
1534540242.54
1534540242.71
1534540242.87
1534540243.04
1534540243.21
1534540243.37
1534540243.54
1534540243.71
1534540243.87
1534540244.04
1534540244.2
1534540244.37
1534540244.54
1534540244.71
1534540244.87
1534540245.04
1534540245.21
1534540245.37
1534540245.54
1534540245.71
1534540245.87
1534540246.04
1534540246.21
1534540246.38
1534540246.54
1534540246.7
1534540246.87
1534540247.04
1534540247.2
1534540247.37
1534540247.54
1534540247.7
1534540247.87
1534540248.04
1534540248.2
1534540248.37
1534540248.53
1534540248.7
1534540248.87
1534540249.03
1534540249.2
1534540249.37
1534540249.54
1534540249.7
1534540249.87
1534540250.03
1534540250.2
1534540250.37
1534540250.53
1534540250.7
1534540250.87
1534540251.03
1534540251.2
1534540251.37
1534540251.53
1534540251.7
1534540251.87
1534540252.03
1534540252.2
1534540252.37
1534540252.53
1534540252.7
1534540252.87
1534540253.03
1534540253.2
1534540253.36
1534540253.53
1534540253.7
1534540253.86
1534540254.03
1534540254.2
1534540254.36
1534540254.53
1534540254.7
1534540254.86
1534540255.03
1534540255.2
1534540255.36
1534540255.53
1534540255.69
1534540255.86
1534540256.03
1534540256.19
1534540256.36
1534540256.53
1534540256.69
1534540256.86
1534540257.03
1534540257.19
1534540257.36
1534540257.53
1534540257.69
1534540257.86
1534540258.02
1534540258.19
1534540258.36
1534540258.53
1534540258.69
1534540258.86
1534540259.02
1534540259.19
1534540259.36
1534540259.52
1534540259.69
1534540259.86
1534540260.02
1534540260.19
1534540260.36
1534540260.52
1534540260.69
1534540260.86
1534540261.02
1534540261.19
1534540261.35
1534540261.52
1534540261.69
1534540261.86
1534540262.02
1534540262.19
1534540262.36
1534540262.52
1534540262.69
1534540262.85
1534540263.02
1534540263.19
1534540263.36
1534540263.52
1534540263.69
1534540263.85
1534540264.02
1534540264.19
1534540264.35
1534540264.52
1534540264.69
1534540264.85
1534540265.02
1534540265.19
1534540265.35
1534540265.52
1534540265.69
1534540265.85
1534540266.02
1534540266.18
1534540266.35
1534540266.52
1534540266.69
1534540266.85
1534540267.02
1534540267.18
1534540267.35
1534540267.51
1534540267.68
1534540267.85
1534540268.02
1534540268.18
1534540268.35
1534540268.51
1534540268.68
1534540268.85
1534540269.01
1534540269.18
1534540269.35
1534540269.51
1534540269.68
1534540269.85
1534540270.01
1534540270.18
1534540270.35
1534540270.51
1534540270.68
1534540270.84
1534540271.01
1534540271.18
1534540271.34
1534540271.51
1534540271.68
1534540271.85
1534540272.01
1534540272.18
1534540272.34
1534540272.51
1534540272.68
1534540272.84
1534540273.03
1534540273.18
1534540273.34
1534540273.51
1534540273.68
1534540273.84
1534540274.01
1534540274.17
1534540274.34
1534540274.51
1534540274.68
1534540274.84
1534540275.01
1534540275.17
1534540275.34
1534540275.51
1534540275.67
1534540275.84
1534540276.0
1534540276.17
1534540276.34
1534540276.51
1534540276.67
1534540276.84
1534540277.01
1534540277.17
1534540277.34
1534540277.51
1534540277.67
1534540277.84
1534540278.0
1534540278.17
1534540278.34
1534540278.51
1534540278.67
1534540278.84
1534540279.0
1534540279.17
1534540279.34
1534540279.5
1534540279.67
1534540279.83
1534540280.0
1534540280.17
1534540280.34
1534540280.5
1534540280.67
1534540280.84
1534540281.0
1534540281.17
1534540281.34
1534540281.5
1534540281.67
1534540281.84
1534540282.0
1534540282.17
1534540282.34
1534540282.5
1534540282.67
1534540282.83
1534540283.0
1534540283.17
1534540283.33
1534540283.5
1534540283.67
1534540283.83
1534540284.0
1534540284.17
1534540284.33
1534540284.5
1534540284.66
1534540284.83
1534540285.0
1534540285.16
1534540285.34
1534540285.5
1534540285.66
1534540285.83
1534540286.0
1534540286.16
1534540286.33
1534540286.5
1534540286.66
1534540286.83
1534540286.99
1534540287.16
1534540287.33
1534540287.5
1534540287.66
1534540287.83
1534540287.99
1534540288.16
1534540288.33
1534540288.49
1534540288.66
1534540288.83
1534540288.99
1534540289.16
1534540289.33
1534540289.49
1534540289.66
1534540289.83
1534540290.0
1534540290.16
1534540290.33
1534540290.49
1534540290.66
1534540290.82
1534540290.99
1534540291.16
1534540291.32
1534540291.49
1534540291.66
1534540291.82
1534540291.99
1534540292.16
1534540292.32
1534540292.49
1534540292.66
1534540292.82
1534540292.99
1534540293.15
1534540293.32
1534540293.49
1534540293.65
1534540293.82
1534540293.99
1534540294.15
1534540294.32
1534540294.49
1534540294.65
1534540294.82
1534540294.99
1534540295.15
1534540295.32
1534540295.49
1534540295.65
1534540295.82
1534540295.99
1534540296.16
1534540296.32
1534540296.49
1534540296.65
1534540296.82
1534540296.98
1534540297.15
1534540297.32
1534540297.49
1534540297.65
1534540297.82
1534540297.98
1534540298.15
1534540298.32
1534540298.48
1534540298.65
1534540298.82
1534540298.98
1534540299.15
1534540299.31
1534540299.48
1534540299.65
1534540299.81
1534540299.98
1534540300.15
1534540300.31
1534540300.48
1534540300.65
1534540300.81
1534540300.98
1534540301.15
1534540301.31
1534540301.48
1534540301.65
1534540301.81
1534540301.98
1534540302.15
1534540302.31
1534540302.48
1534540302.65
1534540302.81
1534540302.98
1534540303.14
1534540303.31
1534540303.48
1534540303.64
1534540303.81
1534540303.98
1534540304.14
1534540304.31
1534540304.48
1534540304.64
1534540304.81
1534540304.98
1534540305.14
1534540305.31
1534540305.48
1534540305.64
1534540305.81
1534540305.98
1534540306.14
1534540306.31
1534540306.49
1534540306.64
1534540306.81
1534540306.97
1534540307.14
1534540307.31
1534540307.47
1534540307.64
1534540307.81
1534540307.97
1534540308.14
1534540308.31
1534540308.47
1534540308.64
1534540308.8
1534540308.97
1534540309.14
1534540309.31
1534540309.47
1534540309.64
1534540309.8
1534540309.97
1534540310.14
1534540310.3
1534540310.47
1534540310.64
1534540310.81
1534540310.97
1534540311.14
1534540311.31
1534540311.47
1534540311.64
1534540311.8
1534540311.97
1534540312.14
1534540312.3
1534540312.47
1534540312.64
1534540312.8
1534540312.97
1534540313.13
1534540313.31
1534540313.47
1534540313.64
1534540313.8
1534540313.97
1534540314.14
1534540314.3
1534540314.47
1534540314.63
1534540314.8
1534540314.97
1534540315.13
1534540315.3
1534540315.46
1534540315.63
1534540315.8
1534540315.96
1534540316.13
1534540316.3
1534540316.46
1534540316.63
1534540316.8
1534540316.96
1534540317.13
1534540317.3
1534540317.46
1534540317.63
1534540317.8
1534540317.96
1534540318.13
1534540318.29
1534540318.46
1534540318.63
1534540318.8
1534540318.96
1534540319.13
1534540319.29
1534540319.46
1534540319.63
1534540319.79
1534540319.96
1534540320.13
1534540320.29
1534540320.46
1534540320.63
1534540320.79
1534540320.96
1534540321.13
1534540321.3
1534540321.46
1534540321.63
1534540321.79
1534540321.96
1534540322.12
1534540322.29
1534540322.46
1534540322.62
1534540322.79
1534540322.96
1534540323.12
1534540323.29
1534540323.46
1534540323.62
1534540323.79
1534540323.96
1534540324.12
1534540324.29
1534540324.46
1534540324.62
1534540324.79
1534540324.96
1534540325.12
1534540325.29
1534540325.45
1534540325.62
1534540325.79
1534540325.95
1534540326.12
1534540326.29
1534540326.45
1534540326.62
1534540326.79
1534540326.96
1534540327.12
1534540327.29
1534540327.45
1534540327.62
1534540327.79
1534540327.95
1534540328.12
1534540328.29
1534540328.45
1534540328.62
1534540328.78
1534540328.95
1534540329.12
1534540329.28
1534540329.45
1534540329.62
1534540329.78
1534540329.95
1534540330.12
1534540330.28
1534540330.45
1534540330.62
1534540330.78
1534540330.95
1534540331.12
1534540331.29
1534540331.45
1534540331.61
1534540331.78
1534540331.95
1534540332.11
1534540332.28
1534540332.45
1534540332.61
1534540332.79
1534540332.95
1534540333.11
1534540333.28
1534540333.45
1534540333.61
1534540333.78
1534540333.95
1534540334.11
1534540334.28
1534540334.45
1534540334.61
1534540334.78
1534540334.95
1534540335.11
1534540335.28
1534540335.44
1534540335.61
1534540335.78
1534540335.94
1534540336.11
1534540336.28
1534540336.44
1534540336.61
1534540336.78
1534540336.94
1534540337.11
1534540337.27
1534540337.44
1534540337.61
1534540337.78
1534540337.94
1534540338.11
1534540338.27
1534540338.44
1534540338.61
1534540338.78
1534540338.94
1534540339.1
1534540339.27
1534540339.44
1534540339.61
1534540339.77
1534540339.94
1534540340.11
1534540340.27
1534540340.44
1534540340.61
1534540340.77
1534540340.94
1534540341.1
1534540341.27
1534540341.44
1534540341.61
1534540341.77
1534540341.94
1534540342.1
1534540342.27
1534540342.44
1534540342.6
1534540342.77
1534540342.94
1534540343.1
1534540343.27
1534540343.44
1534540343.6
1534540343.77
1534540343.94
1534540344.1
1534540344.27
1534540344.44
1534540344.6
1534540344.77
1534540344.94
1534540345.1
1534540345.27
1534540345.43
1534540345.6
1534540345.77
1534540345.93
1534540346.1
1534540346.27
1534540346.44
1534540346.6
1534540346.77
1534540346.93
1534540347.1
1534540347.26
1534540347.43
1534540347.6
1534540347.77
1534540347.93
1534540348.1
1534540348.26
1534540348.43
1534540348.6
1534540348.76
1534540348.93
1534540349.1
1534540349.26
1534540349.43
1534540349.6
1534540349.76
1534540349.93
1534540350.09
1534540350.26
1534540350.43
1534540350.59
1534540350.76
1534540350.93
1534540351.09
1534540351.26
1534540351.43
1534540351.59
1534540351.76
1534540351.92
1534540352.09
1534540352.26
1534540352.43
1534540352.59
1534540352.76
1534540352.93
1534540353.09
1534540353.26
1534540353.42
1534540353.59
1534540353.76
1534540353.92
1534540354.09
1534540354.26
1534540354.42
1534540354.59
1534540354.76
1534540354.92
1534540355.09
1534540355.25
1534540355.43
1534540355.59
1534540355.76
1534540355.92
1534540356.09
1534540356.25
1534540356.42
1534540356.59
1534540356.76
1534540356.92
1534540357.09
1534540357.25
1534540357.42
1534540357.59
1534540357.76
1534540357.92
1534540358.09
1534540358.25
1534540358.42
1534540358.59
1534540358.75
1534540358.92
1534540359.09
1534540359.25
1534540359.42
1534540359.59
1534540359.75
1534540359.92
1534540360.09
1534540360.25
1534540360.42
1534540360.59
1534540360.76
1534540360.92
1534540361.08
1534540361.25
1534540361.42
1534540361.59
1534540361.75
1534540361.92
1534540362.08
1534540362.25
1534540362.42
1534540362.59
1534540362.75
1534540362.92
1534540363.08
1534540363.25
1534540363.41
1534540363.58
1534540363.75
1534540363.91
1534540364.08
1534540364.25
1534540364.41
1534540364.58
1534540364.74
1534540364.91
1534540365.08
1534540365.25
1534540365.41
1534540365.58
1534540365.75
1534540365.91
1534540366.08
1534540366.24
1534540366.41
1534540366.58
1534540366.75
1534540366.91
1534540367.08
1534540367.24
1534540367.41
1534540367.58
1534540367.74
1534540367.91
1534540368.08
1534540368.24
1534540368.41
1534540368.58
1534540368.74
1534540368.91
1534540369.08
1534540369.24
1534540369.41
1534540369.57
1534540369.74
1534540369.91
1534540370.07
1534540370.24
1534540370.41
1534540370.57
1534540370.74
1534540370.91
1534540371.07
1534540371.24
1534540371.41
1534540371.57
1534540371.74
1534540371.91
1534540372.07
1534540372.24
1534540372.41
1534540372.57
1534540372.74
1534540372.9
1534540373.07
1534540373.24
1534540373.41
1534540373.57
1534540373.74
1534540373.91
1534540374.07
1534540374.24
1534540374.4
1534540374.57
1534540374.74
1534540374.9
1534540375.07
1534540375.24
1534540375.4
1534540375.57
1534540375.74
1534540375.9
1534540376.07
1534540376.23
1534540376.4
1534540376.57
1534540376.73
1534540376.9
1534540377.07
1534540377.23
1534540377.4
1534540377.57
1534540377.74
1534540377.9
1534540378.07
1534540378.23
1534540378.41
1534540378.57
1534540378.73
1534540378.9
1534540379.07
1534540379.23
1534540379.4
1534540379.56
1534540379.73
1534540379.9
1534540380.06
1534540380.23
1534540380.4
1534540380.56
1534540380.73
1534540380.9
1534540381.06
1534540381.23
1534540381.4
1534540381.56
1534540381.73
1534540381.9
1534540382.06
1534540382.23
1534540382.4
1534540382.56
1534540382.73
1534540382.89
1534540383.06
1534540383.23
1534540383.39
1534540383.56
1534540383.72
1534540383.89
1534540384.06
1534540384.23
1534540384.39
1534540384.56
1534540384.73
1534540384.89
1534540385.06
1534540385.22
1534540385.39
1534540385.56
1534540385.72
1534540385.89
1534540386.06
1534540386.22
1534540386.39
1534540386.56
1534540386.72
1534540386.89
1534540387.06
1534540387.23
1534540387.39
1534540387.56
1534540387.72
1534540387.89
1534540388.05
1534540388.22
1534540388.39
1534540388.55
1534540388.72
1534540388.89
1534540389.05
1534540389.22
1534540389.39
1534540389.55
1534540389.72
1534540389.89
1534540390.05
1534540390.22
1534540390.39
1534540390.55
1534540390.72
1534540390.89
1534540391.05
1534540391.22
1534540391.39
1534540391.55
1534540391.72
1534540391.88
1534540392.05
1534540392.22
1534540392.38
1534540392.55
1534540392.72
1534540392.88
1534540393.05
1534540393.22
1534540393.38
1534540393.55
1534540393.72
1534540393.88
1534540394.05
1534540394.22
1534540394.38
1534540394.55
1534540394.72
1534540394.88
1534540395.05
1534540395.22
1534540395.38
1534540395.55
1534540395.72
1534540395.88
1534540396.05
1534540396.21
1534540396.38
1534540396.55
1534540396.71
1534540396.88
1534540397.05
1534540397.21
1534540397.38
1534540397.55
1534540397.71
1534540397.88
1534540398.05
1534540398.21
1534540398.38
1534540398.55
1534540398.71
1534540398.88
1534540399.05
1534540399.21
1534540399.38
1534540399.54
1534540399.71
1534540399.88
1534540400.04
1534540400.21
1534540400.38
1534540400.54
1534540400.71
1534540400.88
1534540401.04
1534540401.21
1534540401.38
1534540401.54
1534540401.71
1534540401.87
1534540402.04
1534540402.21
1534540402.37
1534540402.54
1534540402.71
1534540402.87
1534540403.04
1534540403.21
1534540403.37
1534540403.54
1534540403.71
1534540403.87
1534540404.04
1534540404.21
1534540404.37
1534540404.54
1534540404.7
1534540404.87
1534540405.04
1534540405.21
1534540405.37
1534540405.54
1534540405.7
1534540405.87
1534540406.04
1534540406.2
1534540406.37
1534540406.53
1534540406.7
1534540406.87
1534540407.04
1534540407.2
1534540407.37
1534540407.53
1534540407.7
1534540407.87
1534540408.03
1534540408.2
1534540408.37
1534540408.53
1534540408.7
1534540408.87
1534540409.03
1534540409.2
1534540409.37
1534540409.53
1534540409.7
1534540409.86
1534540410.03
1534540410.2
1534540410.36
1534540410.53
1534540410.7
1534540410.86
1534540411.03
1534540411.2
1534540411.36
1534540411.53
1534540411.7
1534540411.86
1534540412.03
1534540412.2
1534540412.36
1534540412.53
1534540412.7
1534540412.86
1534540413.03
1534540413.2
1534540413.36
1534540413.53
1534540413.69
1534540413.86
1534540414.03
1534540414.19
1534540414.36
1534540414.53
1534540414.69
1534540414.86
1534540415.03
1534540415.19
1534540415.36
1534540415.53
1534540415.69
1534540415.86
1534540416.03
1534540416.2
1534540416.36
1534540416.53
1534540416.69
1534540416.86
1534540417.03
1534540417.19
1534540417.36
1534540417.52
1534540417.69
1534540417.86
1534540418.02
1534540418.19
1534540418.36
1534540418.52
1534540418.69
1534540418.86
1534540419.02
1534540419.19
1534540419.36
1534540419.52
1534540419.69
1534540419.86
1534540420.02
1534540420.19
1534540420.36
1534540420.53
1534540420.69
1534540420.85
1534540421.02
1534540421.19
1534540421.35
1534540421.52
1534540421.69
1534540421.85
1534540422.02
1534540422.19
1534540422.35
1534540422.52
1534540422.69
1534540422.85
1534540423.02
1534540423.18
1534540423.35
1534540423.52
1534540423.69
1534540423.85
1534540424.02
1534540424.18
1534540424.35
1534540424.52
1534540424.68
1534540424.85
1534540425.02
1534540425.18
1534540425.35
1534540425.52
1534540425.68
1534540425.85
1534540426.01
1534540426.18
1534540426.35
1534540426.52
1534540426.68
1534540426.85
1534540427.01
1534540427.18
1534540427.35
1534540427.51
1534540427.68
1534540427.85
1534540428.01
1534540428.18
1534540428.35
1534540428.51
1534540428.68
1534540428.85
1534540429.01
1534540429.18
1534540429.34
1534540429.51
1534540429.68
1534540429.85
1534540430.01
1534540430.18
1534540430.34
1534540430.51
1534540430.68
1534540430.85
1534540431.01
1534540431.18
1534540431.34
1534540431.51
1534540431.67
1534540431.84
1534540432.01
1534540432.18
1534540432.34
1534540432.51
1534540432.68
1534540432.84
1534540433.01
1534540433.17
1534540433.34
1534540433.51
1534540433.67
1534540433.84
1534540434.01
1534540434.17
1534540434.34
1534540434.51
1534540434.67
1534540434.84
1534540435.01
1534540435.17
1534540435.34
1534540435.5
1534540435.67
1534540435.84
1534540436.0
1534540436.17
1534540436.34
1534540436.5
1534540436.67
1534540436.84
1534540437.0
1534540437.17
1534540437.34
1534540437.5
1534540437.67
1534540437.84
1534540438.0
1534540438.17
1534540438.34
1534540438.5
1534540438.67
1534540438.84
1534540439.0
1534540439.17
1534540439.34
1534540439.5
1534540439.67
1534540439.83
1534540440.0
1534540440.17
1534540440.34
1534540440.5
1534540440.67
1534540440.83
1534540441.0
1534540441.17
1534540441.33
1534540441.5
1534540441.67
1534540441.83
1534540442.0
1534540442.17
1534540442.33
1534540442.5
1534540442.67
1534540442.83
1534540443.0
1534540443.17
1534540443.33
1534540443.5
1534540443.66
1534540443.83
1534540444.0
1534540444.16
1534540444.33
1534540444.49
1534540444.67
1534540444.83
1534540445.0
1534540445.16
1534540445.33
1534540445.5
1534540445.66
1534540445.83
1534540445.99
1534540446.16
1534540446.33
1534540446.49
1534540446.66
1534540446.83
1534540447.0
1534540447.16
1534540447.33
1534540447.49
1534540447.66
1534540447.82
1534540447.99
1534540448.16
1534540448.32
1534540448.49
1534540448.66
1534540448.82
1534540448.99
1534540449.16
1534540449.32
1534540449.49
1534540449.66
1534540449.82
1534540449.99
1534540450.16
1534540450.32
1534540450.49
1534540450.65
1534540450.82
1534540450.99
1534540451.16
1534540451.32
1534540451.49
1534540451.65
1534540451.82
1534540451.99
1534540452.15
1534540452.32
1534540452.49
1534540452.65
1534540452.82
1534540452.99
1534540453.15
1534540453.32
1534540453.49
1534540453.65
1534540453.82
1534540453.99
1534540454.15
1534540454.32
1534540454.49
1534540454.65
1534540454.82
1534540454.99
1534540455.15
1534540455.32
1534540455.49
1534540455.65
1534540455.82
1534540455.98
1534540456.16
1534540456.32
1534540456.48
1534540456.65
1534540456.82
1534540456.98
1534540457.15
1534540457.32
1534540457.48
1534540457.65
1534540457.82
1534540457.98
1534540458.15
1534540458.31
1534540458.48
1534540458.65
1534540458.81
1534540458.98
1534540459.15
1534540459.31
1534540459.48
1534540459.65
1534540459.81
1534540459.98
1534540460.15
1534540460.31
1534540460.48
1534540460.65
1534540460.81
1534540460.98
1534540461.14
1534540461.31
1534540461.48
1534540461.64
1534540461.81
1534540461.98
1534540462.14
1534540462.31
1534540462.48
1534540462.64
1534540462.81
1534540462.98
1534540463.14
1534540463.31
1534540463.48
1534540463.64
1534540463.81
1534540463.97
1534540464.14
1534540464.31
1534540464.48
1534540464.64
1534540464.81
1534540464.97
1534540465.14
1534540465.31
1534540465.47
1534540465.64
1534540465.81
1534540465.97
1534540466.14
1534540466.31
1534540466.47
1534540466.64
1534540466.8
1534540466.97
1534540467.14
1534540467.3
1534540467.48
1534540467.64
1534540467.8
1534540467.97
1534540468.14
1534540468.3
1534540468.47
1534540468.64
1534540468.8
1534540468.97
1534540469.14
1534540469.3
1534540469.47
1534540469.64
1534540469.8
1534540469.97
1534540470.14
1534540470.3
1534540470.47
1534540470.64
1534540470.8
1534540470.97
1534540471.13
1534540471.3
1534540471.47
1534540471.63
1534540471.8
1534540471.97
1534540472.13
1534540472.3
1534540472.47
1534540472.63
1534540472.8
1534540472.97
1534540473.13
1534540473.3
1534540473.46
1534540473.63
1534540473.8
1534540473.97
1534540474.13
1534540474.3
1534540474.46
1534540474.63
1534540474.8
1534540474.96
1534540475.13
1534540475.3
1534540475.46
1534540475.63
1534540475.8
1534540475.96
1534540476.13
1534540476.3
1534540476.46
1534540476.63
1534540476.8
1534540476.96
1534540477.13
1534540477.29
1534540477.46
1534540477.63
1534540477.79
1534540477.96
1534540478.13
1534540478.29
1534540478.46
1534540478.63
1534540478.79
1534540478.96
1534540479.13
1534540479.29
1534540479.46
1534540479.63
1534540479.79
1534540479.96
1534540480.12
1534540480.29
1534540480.46
1534540480.62
1534540480.79
1534540480.96
1534540481.13
1534540481.29
1534540481.46
1534540481.62
1534540481.79
1534540481.96
1534540482.12
1534540482.29
1534540482.46
1534540482.62
1534540482.79
1534540482.96
1534540483.12
1534540483.29
1534540483.45
1534540483.62
1534540483.79
1534540483.96
1534540484.12
1534540484.29
1534540484.45
1534540484.62
1534540484.79
1534540484.95
1534540485.12
1534540485.29
1534540485.45
1534540485.62
1534540485.79
1534540485.95
1534540486.12
1534540486.29
1534540486.45
1534540486.62
1534540486.78
1534540486.95
1534540487.12
1534540487.28
1534540487.45
1534540487.62
1534540487.78
1534540487.95
1534540488.12
1534540488.28
1534540488.45
1534540488.62
1534540488.78
1534540488.95
1534540489.12
1534540489.28
1534540489.45
1534540489.62
1534540489.78
1534540489.95
1534540490.11
1534540490.28
1534540490.45
1534540490.62
1534540490.78
1534540490.95
1534540491.11
1534540491.28
1534540491.45
1534540491.61
1534540491.78
1534540491.94
1534540492.11
1534540492.28
1534540492.44
1534540492.61
1534540492.78
1534540492.94
1534540493.11
1534540493.28
1534540493.44
1534540493.61
1534540493.78
1534540493.94
1534540494.11
1534540494.28
1534540494.44
1534540494.61
1534540494.78
1534540494.94
1534540495.11
1534540495.27
1534540495.44
1534540495.61
1534540495.77
1534540495.94
1534540496.11
1534540496.27
1534540496.44
1534540496.61
1534540496.77
1534540496.94
1534540497.11
1534540497.27
1534540497.44
1534540497.61
1534540497.77
1534540497.94
1534540498.11
1534540498.27
1534540498.44
1534540498.6
1534540498.77
1534540498.94
1534540499.1
1534540499.27
1534540499.44
1534540499.6
1534540499.77
1534540499.94
1534540500.1
1534540500.27
1534540500.44
1534540500.6
1534540500.77
1534540500.94
1534540501.1
1534540501.27
1534540501.44
1534540501.6
1534540501.77
1534540501.94
1534540502.1
1534540502.27
1534540502.44
1534540502.6
1534540502.77
1534540502.94
1534540503.1
1534540503.27
1534540503.43
1534540503.6
1534540503.77
1534540503.93
1534540504.1
1534540504.27
1534540504.43
1534540504.6
1534540504.77
1534540504.93
1534540505.1
1534540505.26
1534540505.43
1534540505.6
1534540505.77
1534540505.93
1534540506.1
1534540506.26
1534540506.43
1534540506.6
1534540506.76
1534540506.93
1534540507.1
1534540507.26
1534540507.43
1534540507.59
1534540507.76
1534540507.93
1534540508.09
1534540508.26
1534540508.43
1534540508.59
1534540508.76
1534540508.93
1534540509.1
1534540509.26
1534540509.43
1534540509.59
1534540509.76
1534540509.93
1534540510.09
1534540510.26
1534540510.43
1534540510.59
1534540510.76
1534540510.93
1534540511.09
1534540511.26
1534540511.43
1534540511.59
1534540511.76
1534540511.92
1534540512.09
1534540512.26
1534540512.42
1534540512.59
1534540512.76
1534540512.92
1534540513.09
1534540513.26
1534540513.42
1534540513.59
1534540513.75
1534540513.92
1534540514.09
1534540514.26
1534540514.42
1534540514.59
1534540514.75
1534540514.92
1534540515.09
1534540515.25
1534540515.42
1534540515.59
1534540515.75
1534540515.92
1534540516.09
1534540516.25
1534540516.42
1534540516.59
1534540516.75
1534540516.92
1534540517.09
1534540517.26
1534540517.42
1534540517.59
1534540517.75
1534540517.92
1534540518.09
1534540518.25
1534540518.42
1534540518.58
1534540518.75
1534540518.92
1534540519.08
1534540519.25
1534540519.42
1534540519.58
1534540519.75
1534540519.92
1534540520.08
1534540520.25
1534540520.42
1534540520.58
1534540520.75
1534540520.91
1534540521.08
1534540521.25
1534540521.42
1534540521.58
1534540521.75
1534540521.91
1534540522.08
1534540522.25
1534540522.41
1534540522.58
1534540522.75
1534540522.91
1534540523.08
1534540523.25
1534540523.41
1534540523.58
1534540523.74
1534540523.91
1534540524.08
1534540524.24
1534540524.41
1534540524.58
1534540524.75
1534540524.91
1534540525.08
1534540525.24
1534540525.41
1534540525.58
1534540525.74
1534540525.91
1534540526.08
1534540526.24
1534540526.41
1534540526.58
1534540526.74
1534540526.91
1534540527.08
1534540527.24
1534540527.41
1534540527.58
1534540527.74
1534540527.91
1534540528.07
1534540528.24
1534540528.41
1534540528.57
1534540528.74
1534540528.91
1534540529.07
1534540529.24
1534540529.41
1534540529.57
1534540529.74
1534540529.9
1534540530.07
1534540530.24
1534540530.4
1534540530.57
1534540530.74
1534540530.9
1534540531.07
1534540531.24
1534540531.4
1534540531.57
1534540531.74
1534540531.9
1534540532.07
1534540532.24
1534540532.4
1534540532.57
1534540532.74
1534540532.9
1534540533.07
1534540533.24
1534540533.4
1534540533.57
1534540533.74
1534540533.9
1534540534.07
1534540534.23
1534540534.4
1534540534.57
1534540534.73
1534540534.9
1534540535.07
1534540535.23
1534540535.4
1534540535.57
1534540535.73
1534540535.9
1534540536.07
1534540536.23
1534540536.4
1534540536.56
1534540536.73
1534540536.9
1534540537.06
1534540537.23
1534540537.4
1534540537.56
1534540537.73
1534540537.9
1534540538.06
1534540538.23
1534540538.4
1534540538.56
1534540538.73
1534540538.9
1534540539.06
1534540539.23
1534540539.4
1534540539.56
1534540539.73
1534540539.9
1534540540.06
1534540540.23
1534540540.39
1534540540.56
1534540540.73
1534540540.89
1534540541.06
1534540541.23
1534540541.39
1534540541.56
1534540541.73
1534540541.89
1534540542.06
1534540542.23
1534540542.39
1534540542.56
1534540542.73
1534540542.89
1534540543.06
1534540543.22
1534540543.39
1534540543.56
1534540543.72
1534540543.89
1534540544.06
1534540544.22
1534540544.39
1534540544.56
1534540544.73
1534540544.89
1534540545.06
1534540545.22
1534540545.39
1534540545.56
1534540545.72
1534540545.89
1534540546.05
1534540546.22
1534540546.39
1534540546.55
1534540546.72
1534540546.89
1534540547.05
1534540547.22
1534540547.39
1534540547.55
1534540547.72
1534540547.89
1534540548.05
1534540548.22
1534540548.39
1534540548.55
1534540548.72
1534540548.88
1534540549.05
1534540549.22
1534540549.39
1534540549.55
1534540549.72
1534540549.88
1534540550.05
1534540550.22
1534540550.38
1534540550.55
1534540550.71
1534540550.88
1534540551.05
1534540551.22
1534540551.38
1534540551.55
1534540551.72
1534540551.88
1534540552.05
1534540552.22
1534540552.38
1534540552.55
1534540552.71
1534540552.88
1534540553.05
1534540553.21
1534540553.38
1534540553.55
1534540553.71
1534540553.88
1534540554.05
1534540554.21
1534540554.38
1534540554.55
1534540554.71
1534540554.88
1534540555.05
1534540555.21
1534540555.38
1534540555.55
1534540555.71
1534540555.88
1534540556.05
1534540556.21
1534540556.38
1534540556.55
1534540556.71
1534540556.88
1534540557.04
1534540557.21
1534540557.38
1534540557.54
1534540557.71
1534540557.88
1534540558.04
1534540558.21
1534540558.38
1534540558.54
1534540558.71
1534540558.87
1534540559.04
1534540559.21
1534540559.37
1534540559.54
1534540559.71
1534540559.87
1534540560.04
1534540560.21
1534540560.37
1534540560.54
1534540560.71
1534540560.87
1534540561.04
1534540561.2
1534540561.37
1534540561.54
1534540561.71
1534540561.87
1534540562.04
1534540562.2
1534540562.37
1534540562.54
1534540562.71
1534540562.87
1534540563.04
1534540563.2
1534540563.37
1534540563.54
1534540563.71
1534540563.87
1534540564.04
1534540564.2
1534540564.37
1534540564.54
1534540564.7
1534540564.87
1534540565.03
1534540565.2
1534540565.37
1534540565.53
1534540565.7
1534540565.87
1534540566.03
1534540566.2
1534540566.37
1534540566.53
1534540566.7
1534540566.87
1534540567.03
1534540567.21
1534540567.37
1534540567.53
1534540567.7
1534540567.87
1534540568.04
1534540568.2
1534540568.36
1534540568.54
1534540568.7
1534540568.86
1534540569.03
1534540569.2
1534540569.36
1534540569.53
1534540569.7
1534540569.86
1534540570.03
1534540570.2
1534540570.36
1534540570.53
1534540570.7
1534540570.86
1534540571.03
1534540571.19
1534540571.36
1534540571.53
1534540571.7
1534540571.86
1534540572.03
1534540572.19
1534540572.37
1534540572.53
1534540572.69
1534540572.86
1534540573.03
1534540573.19
1534540573.36
1534540573.53
1534540573.7
1534540573.86
1534540574.03
1534540574.19
1534540574.36
1534540574.53
1534540574.69
1534540574.86
1534540575.02
1534540575.19
1534540575.36
1534540575.52
1534540575.7
1534540575.86
1534540576.02
1534540576.19
1534540576.36
1534540576.52
1534540576.69
1534540576.86
1534540577.02
1534540577.19
1534540577.36
1534540577.52
1534540577.69
1534540577.86
1534540578.02
1534540578.19
1534540578.36
1534540578.52
1534540578.69
1534540578.86
1534540579.02
1534540579.19
1534540579.35
1534540579.52
1534540579.69
1534540579.86
1534540580.02
1534540580.19
1534540580.35
1534540580.52
1534540580.69
1534540580.86
1534540581.02
1534540581.19
1534540581.35
1534540581.52
1534540581.69
1534540581.85
1534540582.02
1534540582.19
1534540582.35
1534540582.52
1534540582.68
1534540582.85
1534540583.02
1534540583.19
1534540583.35
1534540583.52
1534540583.68
1534540583.85
1534540584.02
1534540584.18
1534540584.35
1534540584.52
1534540584.68
1534540584.85
1534540585.01
1534540585.18
1534540585.35
1534540585.51
1534540585.68
1534540585.85
1534540586.01
1534540586.18
1534540586.35
1534540586.52
1534540586.68
1534540586.85
1534540587.02
1534540587.18
1534540587.35
1534540587.51
1534540587.68
1534540587.84
1534540588.01
1534540588.18
1534540588.35
1534540588.51
1534540588.68
1534540588.84
1534540589.01
1534540589.18
1534540589.34
1534540589.51
1534540589.68
1534540589.84
1534540590.01
1534540590.18
1534540590.34
1534540590.51
1534540590.67
1534540590.84
1534540591.01
1534540591.18
1534540591.34
1534540591.51
1534540591.67
1534540591.84
1534540592.01
1534540592.17
1534540592.34
1534540592.51
1534540592.68
1534540592.84
1534540593.01
1534540593.17
1534540593.34
1534540593.51
1534540593.67
1534540593.84
1534540594.0
1534540594.17
1534540594.34
1534540594.5
1534540594.67
1534540594.84
1534540595.0
1534540595.17
1534540595.34
1534540595.51
1534540595.67
1534540595.84
1534540596.01
1534540596.17
1534540596.34
1534540596.5
1534540596.67
1534540596.84
1534540597.0
1534540597.17
1534540597.34
1534540597.5
1534540597.67
1534540597.83
1534540598.0
1534540598.17
1534540598.34
1534540598.5
1534540598.67
1534540598.83
1534540599.0
1534540599.17
1534540599.34
1534540599.5
1534540599.67
1534540599.83
1534540600.0
1534540600.17
1534540600.33
1534540600.5
1534540600.66
1534540600.83
1534540601.0
1534540601.17
1534540601.33
1534540601.5
1534540601.66
1534540601.83
1534540602.0
1534540602.16
1534540602.33
1534540602.5
1534540602.66
1534540602.83
1534540603.0
1534540603.16
1534540603.33
1534540603.49
1534540603.66
1534540603.83
1534540603.99
1534540604.16
1534540604.33
1534540604.49
1534540604.66
1534540604.83
1534540604.99
1534540605.16
1534540605.33
1534540605.49
1534540605.66
1534540605.82
1534540605.99
1534540606.16
1534540606.32
1534540606.49
1534540606.66
1534540606.82
1534540606.99
1534540607.16
1534540607.33
1534540607.49
1534540607.66
1534540607.82
1534540607.99
1534540608.16
1534540608.32
1534540608.49
1534540608.65
1534540608.82
1534540608.99
1534540609.15
1534540609.32
1534540609.49
1534540609.65
1534540609.82
1534540609.99
1534540610.15
1534540610.32
1534540610.49
1534540610.65
1534540610.82
1534540610.99
1534540611.15
1534540611.32
1534540611.49
1534540611.65
1534540611.82
1534540611.99
1534540612.15
1534540612.32
1534540612.49
1534540612.65
1534540612.82
1534540612.99
1534540613.15
1534540613.32
1534540613.48
1534540613.65
1534540613.82
1534540613.98
1534540614.15
1534540614.32
1534540614.48
1534540614.65
1534540614.82
1534540614.98
1534540615.15
1534540615.32
1534540615.48
1534540615.65
1534540615.82
1534540615.98
1534540616.15
1534540616.32
1534540616.48
1534540616.65
1534540616.81
1534540616.98
1534540617.15
1534540617.31
1534540617.48
1534540617.65
1534540617.81
1534540617.98
1534540618.15
1534540618.31
1534540618.48
1534540618.64
1534540618.81
1534540618.98
1534540619.14
1534540619.31
1534540619.48
1534540619.65
1534540619.81
1534540619.98
1534540620.15
1534540620.31
1534540620.48
1534540620.65
1534540620.81
1534540620.98
1534540621.14
1534540621.31
1534540621.48
1534540621.64
1534540621.81
1534540621.98
1534540622.14
1534540622.31
1534540622.47
1534540622.64
1534540622.81
1534540622.97
1534540623.14
1534540623.31
1534540623.47
1534540623.64
1534540623.81
1534540623.97
1534540624.14
1534540624.31
1534540624.47
1534540624.64
1534540624.81
1534540624.97
1534540625.14
1534540625.3
1534540625.47
1534540625.64
1534540625.81
1534540625.97
1534540626.14
1534540626.3
1534540626.47
1534540626.64
1534540626.8
1534540626.97
1534540627.14
1534540627.3
1534540627.47
1534540627.64
1534540627.8
1534540627.97
1534540628.14
1534540628.3
1534540628.47
1534540628.64
1534540628.8
1534540628.97
1534540629.14
1534540629.3
1534540629.47
1534540629.63
1534540629.8
1534540629.97
1534540630.14
1534540630.3
1534540630.47
1534540630.64
1534540630.8
1534540630.97
1534540631.13
1534540631.3
1534540631.46
1534540631.63
1534540631.8
1534540631.96
1534540632.13
1534540632.3
1534540632.46
1534540632.63
1534540632.8
1534540632.96
1534540633.13
1534540633.3
1534540633.46
1534540633.63
1534540633.8
1534540633.96
1534540634.13
1534540634.3
1534540634.46
1534540634.63
1534540634.79
1534540634.96
1534540635.13
1534540635.29
1534540635.47
1534540635.63
1534540635.79
1534540635.96
1534540636.13
1534540636.29
1534540636.47
1534540636.63
1534540636.79
1534540636.96
1534540637.13
1534540637.29
1534540637.46
1534540637.63
1534540637.79
1534540637.96
1534540638.12
1534540638.29
1534540638.46
1534540638.62
1534540638.79
1534540638.96
1534540639.12
1534540639.29
1534540639.46
1534540639.62
1534540639.79
1534540639.96
1534540640.13
1534540640.29
1534540640.46
1534540640.62
1534540640.79
1534540640.96
1534540641.12
1534540641.29
1534540641.45
1534540641.62
1534540641.79
1534540641.95
1534540642.12
1534540642.29
1534540642.45
1534540642.62
1534540642.79
1534540642.95
1534540643.12
1534540643.29
1534540643.45
1534540643.62
1534540643.79
1534540643.95
1534540644.12
1534540644.29
1534540644.45
1534540644.62
1534540644.78
1534540644.95
1534540645.12
1534540645.28
1534540645.45
1534540645.62
1534540645.78
1534540645.95
1534540646.12
1534540646.29
1534540646.45
1534540646.62
1534540646.79
1534540646.95
1534540647.12
1534540647.28
1534540647.45
1534540647.61
1534540647.78
1534540647.95
1534540648.12
1534540648.28
1534540648.45
1534540648.62
1534540648.78
1534540648.95
1534540649.11
1534540649.28
1534540649.44
1534540649.61
1534540649.78
1534540649.94
1534540650.11
1534540650.29
1534540650.45
1534540650.61
1534540650.78
1534540650.95
1534540651.11
1534540651.28
1534540651.44
1534540651.61
1534540651.78
1534540651.94
1534540652.11
1534540652.28
1534540652.45
1534540652.61
1534540652.78
1534540652.94
1534540653.11
1534540653.28
1534540653.44
1534540653.61
1534540653.77
1534540653.94
1534540654.11
1534540654.28
1534540654.44
1534540654.61
1534540654.77
1534540654.94
1534540655.11
1534540655.27
1534540655.44
1534540655.61
1534540655.77
1534540655.94
1534540656.11
1534540656.27
1534540656.44
1534540656.6
1534540656.77
1534540656.94
1534540657.11
1534540657.27
1534540657.44
1534540657.61
1534540657.77
1534540657.94
1534540658.1
1534540658.27
1534540658.44
1534540658.6
1534540658.77
1534540658.94
1534540659.1
1534540659.27
1534540659.44
1534540659.6
1534540659.77
1534540659.94
1534540660.1
1534540660.27
1534540660.44
1534540660.6
1534540660.77
1534540660.94
1534540661.1
1534540661.27
1534540661.43
1534540661.6
1534540661.77
1534540661.94
1534540662.1
1534540662.27
1534540662.43
1534540662.6
1534540662.77
1534540662.93
1534540663.1
1534540663.27
1534540663.44
1534540663.6
1534540663.77
1534540663.93
1534540664.1
1534540664.27
1534540664.43
1534540664.6
1534540664.76
1534540664.93
1534540665.1
1534540665.26
1534540665.43
1534540665.6
1534540665.76
1534540665.93
1534540666.09
1534540666.26
1534540666.43
1534540666.6
1534540666.76
1534540666.93
1534540667.09
1534540667.26
1534540667.43
1534540667.59
1534540667.76
1534540667.93
1534540668.09
1534540668.26
1534540668.43
1534540668.59
1534540668.76
1534540668.92
1534540669.09
1534540669.26
1534540669.43
1534540669.59
1534540669.76
1534540669.93
1534540670.09
1534540670.26
1534540670.42
1534540670.59
1534540670.76
1534540670.92
1534540671.09
1534540671.26
1534540671.42
1534540671.59
1534540671.76
1534540671.92
1534540672.09
1534540672.26
1534540672.42
1534540672.59
1534540672.76
1534540672.93
1534540673.09
1534540673.26
1534540673.42
1534540673.59
1534540673.75
1534540673.92
1534540674.09
1534540674.26
1534540674.42
1534540674.59
1534540674.76
1534540674.92
1534540675.09
1534540675.25
1534540675.42
1534540675.59
1534540675.75
1534540675.92
1534540676.09
1534540676.25
1534540676.42
1534540676.59
1534540676.75
1534540676.92
1534540677.09
1534540677.25
1534540677.42
1534540677.58
1534540677.75
1534540677.92
1534540678.08
1534540678.26
1534540678.42
1534540678.59
1534540678.75
1534540678.91
1534540679.08
1534540679.25
1534540679.41
1534540679.58
1534540679.75
1534540679.92
1534540680.08
1534540680.25
1534540680.41
1534540680.58
1534540680.75
1534540680.91
1534540681.08
1534540681.25
1534540681.41
1534540681.58
1534540681.75
1534540681.91
1534540682.08
1534540682.24
1534540682.41
1534540682.58
1534540682.74
1534540682.91
1534540683.08
1534540683.24
1534540683.41
1534540683.58
1534540683.74
1534540683.91
1534540684.08
1534540684.24
1534540684.41
1534540684.58
1534540684.74
1534540684.91
1534540685.08
1534540685.24
1534540685.41
1534540685.58
1534540685.74
1534540685.91
1534540686.07
1534540686.24
1534540686.41
1534540686.58
1534540686.74
1534540686.91
1534540687.07
1534540687.24
1534540687.41
1534540687.57
1534540687.74
1534540687.91
1534540688.07
1534540688.24
1534540688.41
1534540688.57
1534540688.74
1534540688.91
1534540689.07
1534540689.24
1534540689.4
1534540689.57
1534540689.74
1534540689.9
1534540690.07
1534540690.24
1534540690.4
1534540690.57
1534540690.74
1534540690.9
1534540691.07
1534540691.24
1534540691.4
1534540691.57
1534540691.74
1534540691.9
1534540692.07
1534540692.24
1534540692.41
1534540692.57
1534540692.74
1534540692.9
1534540693.07
1534540693.23
1534540693.4
1534540693.57
1534540693.73
1534540693.9
1534540694.07
1534540694.23
1534540694.4
1534540694.57
1534540694.73
1534540694.9
1534540695.07
1534540695.23
1534540695.4
1534540695.57
1534540695.73
1534540695.9
1534540696.07
1534540696.23
1534540696.4
1534540696.56
1534540696.73
1534540696.9
1534540697.06
1534540697.23
1534540697.39
1534540697.56
1534540697.73
1534540697.9
1534540698.07
1534540698.23
1534540698.4
1534540698.56
1534540698.73
1534540698.89
1534540699.06
1534540699.23
1534540699.39
1534540699.56
1534540699.73
1534540699.89
1534540700.06
1534540700.23
1534540700.39
1534540700.56
1534540700.73
1534540700.89
1534540701.06
1534540701.23
1534540701.39
1534540701.56
1534540701.72
1534540701.89
1534540702.06
1534540702.22
1534540702.39
1534540702.56
1534540702.72
1534540702.89
1534540703.06
1534540703.22
1534540703.39
1534540703.56
1534540703.72
1534540703.89
1534540704.06
1534540704.22
1534540704.39
1534540704.55
1534540704.72
1534540704.89
1534540705.05
1534540705.22
1534540705.39
1534540705.55
1534540705.72
1534540705.89
1534540706.05
1534540706.22
1534540706.38
1534540706.55
1534540706.72
1534540706.88
1534540707.05
1534540707.22
1534540707.38
1534540707.55
1534540707.72
1534540707.88
1534540708.05
1534540708.22
1534540708.38
1534540708.55
1534540708.72
1534540708.89
1534540709.05
1534540709.22
1534540709.38
1534540709.55
1534540709.71
1534540709.88
1534540710.05
1534540710.22
1534540710.38
1534540710.55
1534540710.71
1534540710.88
1534540711.05
1534540711.22
1534540711.38
1534540711.55
1534540711.71
1534540711.88
1534540712.05
1534540712.21
1534540712.38
1534540712.55
1534540712.71
1534540712.88
1534540713.05
1534540713.21
1534540713.38
1534540713.54
1534540713.71
1534540713.88
1534540714.04
1534540714.21
1534540714.38
1534540714.54
1534540714.71
1534540714.88
1534540715.05
1534540715.21
1534540715.38
1534540715.55
1534540715.71
1534540715.88
1534540716.04
1534540716.21
1534540716.38
1534540716.54
1534540716.71
1534540716.88
1534540717.05
1534540717.21
1534540717.38
1534540717.54
1534540717.71
1534540717.88
1534540718.04
1534540718.21
1534540718.38
1534540718.54
1534540718.71
1534540718.87
1534540719.04
1534540719.21
1534540719.38
1534540719.54
1534540719.71
1534540719.87
1534540720.04
1534540720.2
1534540720.37
1534540720.54
1534540720.7
1534540720.87
1534540721.04
1534540721.21
1534540721.37
1534540721.54
1534540721.71
1534540721.87
1534540722.04
1534540722.2
1534540722.37
1534540722.54
1534540722.7
1534540722.87
1534540723.04
1534540723.2
1534540723.37
1534540723.54
1534540723.72
1534540723.87
1534540724.04
1534540724.2
1534540724.37
1534540724.53
1534540724.7
1534540724.87
1534540725.03
1534540725.2
1534540725.37
1534540725.53
1534540725.7
1534540725.86
1534540726.03
1534540726.2
1534540726.36
1534540726.53
1534540726.7
1534540726.86
1534540727.03
1534540727.2
1534540727.36
1534540727.54
1534540727.7
1534540727.86
1534540728.03
1534540728.2
1534540728.36
1534540728.53
1534540728.7
1534540728.86
1534540729.03
1534540729.2
1534540729.36
1534540729.53
1534540729.69
1534540729.86
1534540730.03
1534540730.19
1534540730.36
1534540730.53
1534540730.69
1534540730.86
1534540731.03
1534540731.19
1534540731.36
1534540731.53
1534540731.69
1534540731.86
1534540732.03
1534540732.19
1534540732.36
1534540732.53
1534540732.69
1534540732.86
1534540733.03
1534540733.19
1534540733.36
1534540733.53
1534540733.69
1534540733.86
1534540734.02
1534540734.19
1534540734.36
1534540734.52
1534540734.69
1534540734.86
1534540735.02
1534540735.19
1534540735.36
1534540735.52
1534540735.69
1534540735.85
1534540736.02
1534540736.19
1534540736.35
1534540736.52
1534540736.69
1534540736.86
1534540737.02
1534540737.19
1534540737.35
1534540737.52
1534540737.69
1534540737.85
1534540738.02
1534540738.19
1534540738.35
1534540738.52
1534540738.69
1534540738.85
1534540739.02
1534540739.19
1534540739.35
1534540739.52
1534540739.68
1534540739.85
1534540740.02
1534540740.19
1534540740.35
1534540740.52
1534540740.69
1534540740.85
1534540741.02
1534540741.18
1534540741.35
1534540741.52
1534540741.68
1534540741.85
1534540742.02
1534540742.19
1534540742.35
1534540742.52
1534540742.68
1534540742.85
1534540743.02
1534540743.18
1534540743.35
1534540743.51
1534540743.68
1534540743.85
1534540744.01
1534540744.18
1534540744.35
1534540744.51
1534540744.68
1534540744.85
1534540745.01
1534540745.18
1534540745.34
1534540745.51
1534540745.68
1534540745.84
1534540746.01
1534540746.18
1534540746.34
1534540746.51
1534540746.68
1534540746.84
1534540747.01
1534540747.18
1534540747.34
1534540747.51
1534540747.68
1534540747.84
1534540748.01
1534540748.18
1534540748.34
1534540748.51
1534540748.68
1534540748.84
1534540749.01
1534540749.17
1534540749.34
1534540749.51
1534540749.67
1534540749.84
1534540750.01
1534540750.17
1534540750.34
1534540750.51
1534540750.67
1534540750.84
1534540751.0
1534540751.17
1534540751.34
1534540751.51
1534540751.67
1534540751.84
1534540752.0
1534540752.17
1534540752.34
1534540752.5
1534540752.67
1534540752.84
1534540753.01
1534540753.17
1534540753.34
1534540753.5
1534540753.67
1534540753.84
1534540754.0
1534540754.17
1534540754.34
1534540754.5
1534540754.67
1534540754.84
1534540755.0
1534540755.17
1534540755.33
1534540755.5
1534540755.67
1534540755.84
1534540756.0
1534540756.17
1534540756.34
1534540756.5
1534540756.67
1534540756.83
1534540757.0
1534540757.17
1534540757.33
1534540757.5
1534540757.67
1534540757.84
1534540758.0
1534540758.17
1534540758.33
1534540758.5
1534540758.66
1534540758.83
1534540759.0
1534540759.17
1534540759.33
1534540759.5
1534540759.66
1534540759.83
1534540760.0
1534540760.16
1534540760.33
1534540760.5
1534540760.66
1534540760.83
1534540761.0
1534540761.16
1534540761.33
1534540761.5
1534540761.66
1534540761.83
1534540762.0
1534540762.16
1534540762.33
1534540762.5
1534540762.66
1534540762.83
1534540762.99
1534540763.16
1534540763.33
1534540763.49
1534540763.66
1534540763.82
1534540763.99
1534540764.16
1534540764.33
1534540764.5
1534540764.66
1534540764.83
1534540764.99
1534540765.16
1534540765.32
1534540765.5
1534540765.66
1534540765.82
1534540765.99
1534540766.16
1534540766.32
1534540766.49
1534540766.66
1534540766.82
1534540766.99
1534540767.16
1534540767.33
1534540767.49
1534540767.66
1534540767.82
1534540767.99
1534540768.16
1534540768.32
1534540768.49
1534540768.66
1534540768.82
1534540768.99
1534540769.16
1534540769.32
1534540769.48
1534540769.65
1534540769.82
1534540769.99
1534540770.15
1534540770.32
1534540770.49
1534540770.65
1534540770.82
1534540770.99
1534540771.15
1534540771.32
1534540771.48
1534540771.65
1534540771.82
1534540771.99
1534540772.15
1534540772.32
1534540772.48
1534540772.65
1534540772.82
1534540772.98
1534540773.15
1534540773.32
1534540773.48
1534540773.65
1534540773.81
1534540773.98
1534540774.15
1534540774.32
1534540774.48
1534540774.65
1534540774.81
1534540774.98
1534540775.15
1534540775.32
1534540775.48
1534540775.65
1534540775.81
1534540775.98
1534540776.15
1534540776.31
1534540776.48
1534540776.65
1534540776.81
1534540776.98
1534540777.15
1534540777.31
1534540777.48
1534540777.64
1534540777.81
1534540777.98
1534540778.14
1534540778.31
1534540778.48
1534540778.64
1534540778.81
1534540778.98
1534540779.15
1534540779.31
1534540779.48
1534540779.64
1534540779.81
1534540779.98
1534540780.14
1534540780.31
1534540780.48
1534540780.64
1534540780.81
1534540780.97
1534540781.14
1534540781.31
1534540781.47
1534540781.64
1534540781.81
1534540781.98
1534540782.14
1534540782.31
1534540782.47
1534540782.64
1534540782.81
1534540782.97
1534540783.14
1534540783.31
1534540783.48
1534540783.64
1534540783.81
1534540783.97
1534540784.14
1534540784.31
1534540784.47
1534540784.64
1534540784.8
1534540784.97
1534540785.14
1534540785.31
1534540785.47
1534540785.64
1534540785.8
1534540785.97
1534540786.14
1534540786.3
1534540786.47
1534540786.64
1534540786.8
1534540786.97
1534540787.13
1534540787.3
1534540787.47
1534540787.64
1534540787.8
1534540787.97
1534540788.14
1534540788.31
1534540788.47
1534540788.63
1534540788.8
1534540788.97
1534540789.13
1534540789.3
1534540789.47
1534540789.64
1534540789.8
1534540789.96
1534540790.13
1534540790.3
1534540790.46
1534540790.63
1534540790.8
1534540790.97
1534540791.13
1534540791.3
1534540791.46
1534540791.63
1534540791.8
1534540791.96
1534540792.13
1534540792.3
1534540792.46
1534540792.63
1534540792.8
1534540792.96
1534540793.13
1534540793.29
1534540793.47
1534540793.63
1534540793.79
1534540793.96
1534540794.13
1534540794.3
1534540794.46
1534540794.63
1534540794.8
1534540794.96
1534540795.13
1534540795.29
1534540795.46
1534540795.63
1534540795.79
1534540795.96
1534540796.13
1534540796.29
1534540796.46
1534540796.62
1534540796.79
1534540796.96
1534540797.13
1534540797.29
1534540797.46
1534540797.62
1534540797.79
1534540797.96
1534540798.12
1534540798.29
1534540798.46
1534540798.62
1534540798.79
1534540798.96
1534540799.13
1534540799.29
1534540799.46
1534540799.62
1534540799.79
1534540799.96
1534540800.12
1534540800.29
1534540800.45
1534540800.62
1534540800.79
1534540800.95
1534540801.12
1534540801.29
1534540801.45
1534540801.62
1534540801.79
1534540801.96
1534540802.12
1534540802.29
1534540802.45
1534540802.63
1534540802.79
1534540802.95
1534540803.12
1534540803.28
1534540803.45
1534540803.62
1534540803.78
1534540803.95
1534540804.12
1534540804.28
1534540804.45
1534540804.62
1534540804.78
1534540804.95
1534540805.12
1534540805.28
1534540805.45
1534540805.62
1534540805.79
1534540805.95
1534540806.11
1534540806.28
1534540806.45
1534540806.61
1534540806.78
1534540806.95
1534540807.12
1534540807.28
1534540807.45
1534540807.61
1534540807.78
1534540807.95
1534540808.11
1534540808.28
1534540808.45
1534540808.61
1534540808.78
1534540808.95
1534540809.12
1534540809.28
1534540809.45
1534540809.61
1534540809.78
1534540809.94
1534540810.11
1534540810.28
1534540810.44
1534540810.61
1534540810.78
1534540810.95
1534540811.11
1534540811.28
1534540811.45
1534540811.61
1534540811.78
1534540811.94
1534540812.11
1534540812.28
1534540812.44
1534540812.61
1534540812.78
1534540812.94
1534540813.11
1534540813.27
1534540813.44
1534540813.61
1534540813.77
1534540813.95
1534540814.11
1534540814.27
1534540814.45
1534540814.61
1534540814.78
1534540814.95
1534540815.11
1534540815.27
1534540815.44
1534540815.6
1534540815.77
1534540815.94
1534540816.11
1534540816.28
1534540816.44
1534540816.61
1534540816.77
1534540816.94
1534540817.11
1534540817.27
1534540817.44
1534540817.6
1534540817.77
1534540817.94
1534540818.1
1534540818.27
1534540818.44
1534540818.6
1534540818.77
1534540818.94
1534540819.1
1534540819.27
1534540819.43
1534540819.6
1534540819.77
1534540819.93
1534540820.1
1534540820.27
1534540820.43
1534540820.6
1534540820.77
1534540820.93
1534540821.1
1534540821.26
1534540821.43
1534540821.6
1534540821.77
1534540821.93
1534540822.1
1534540822.26
1534540822.43
1534540822.6
1534540822.76
1534540822.93
1534540823.1
1534540823.26
1534540823.43
1534540823.59
1534540823.76
1534540823.93
1534540824.1
1534540824.26
1534540824.43
1534540824.6
1534540824.76
1534540824.93
1534540825.1
1534540825.26
1534540825.43
1534540825.59
1534540825.76
1534540825.93
1534540826.09
1534540826.26
1534540826.43
1534540826.59
1534540826.76
1534540826.93
1534540827.09
1534540827.26
1534540827.43
1534540827.59
1534540827.76
1534540827.93
1534540828.09
1534540828.26
1534540828.42
1534540828.59
1534540828.76
1534540828.92
1534540829.09
1534540829.26
1534540829.42
1534540829.59
1534540829.76
1534540829.92
1534540830.09
1534540830.26
1534540830.42
1534540830.59
1534540830.76
1534540830.92
1534540831.09
1534540831.25
1534540831.42
1534540831.59
1534540831.75
1534540831.92
1534540832.09
1534540832.25
1534540832.42
1534540832.59
1534540832.75
1534540832.92
1534540833.09
1534540833.25
1534540833.42
1534540833.59
1534540833.76
1534540833.92
1534540834.09
1534540834.25
1534540834.42
1534540834.59
1534540834.75
1534540834.92
1534540835.08
1534540835.25
1534540835.42
1534540835.59
1534540835.75
1534540835.92
1534540836.08
1534540836.25
1534540836.42
1534540836.58
1534540836.75
1534540836.92
1534540837.08
1534540837.25
1534540837.42
1534540837.58
1534540837.75
1534540837.92
1534540838.08
1534540838.25
1534540838.42
1534540838.58
1534540838.75
1534540838.91
1534540839.08
1534540839.25
1534540839.41
1534540839.58
1534540839.75
1534540839.91
1534540840.08
1534540840.24
1534540840.41
1534540840.58
1534540840.75
1534540840.91
1534540841.08
1534540841.24
1534540841.41
1534540841.58
1534540841.74
1534540841.91
1534540842.08
1534540842.24
1534540842.41
1534540842.58
1534540842.74
1534540842.91
1534540843.08
1534540843.24
1534540843.41
1534540843.58
1534540843.74
1534540843.91
1534540844.08
1534540844.24
1534540844.41
1534540844.57
1534540844.74
1534540844.91
1534540845.08
1534540845.24
1534540845.41
1534540845.57
1534540845.74
1534540845.91
1534540846.07
1534540846.24
1534540846.41
1534540846.57
1534540846.74
1534540846.91
1534540847.08
1534540847.24
1534540847.41
1534540847.57
1534540847.74
1534540847.91
1534540848.07
1534540848.24
1534540848.41
1534540848.57
1534540848.74
1534540848.9
1534540849.07
1534540849.24
1534540849.41
1534540849.57
1534540849.74
1534540849.91
1534540850.07
1534540850.24
1534540850.4
1534540850.57
1534540850.74
1534540850.9
1534540851.07
1534540851.24
1534540851.4
1534540851.57
1534540851.74
1534540851.9
1534540852.07
1534540852.24
1534540852.4
1534540852.57
1534540852.73
1534540852.9
1534540853.07
1534540853.23
1534540853.4
1534540853.57
1534540853.73
1534540853.9
1534540854.07
1534540854.23
1534540854.4
1534540854.57
1534540854.73
1534540854.9
1534540855.06
1534540855.23
1534540855.4
1534540855.56
1534540855.73
1534540855.9
1534540856.06
1534540856.23
1534540856.39
1534540856.56
1534540856.73
1534540856.9
1534540857.06
1534540857.23
1534540857.39
1534540857.56
1534540857.73
1534540857.9
1534540858.06
1534540858.23
1534540858.39
1534540858.56
1534540858.73
1534540858.89
1534540859.06
1534540859.22
1534540859.39
1534540859.56
1534540859.72
1534540859.89
1534540860.06
1534540860.22
1534540860.39
1534540860.56
1534540860.72
1534540860.89
1534540861.06
1534540861.22
1534540861.39
1534540861.56
1534540861.72
1534540861.89
1534540862.06
1534540862.22
1534540862.39
1534540862.56
1534540862.72
1534540862.89
1534540863.05
1534540863.22
1534540863.39
1534540863.55
1534540863.72
1534540863.89
1534540864.06
1534540864.22
1534540864.39
1534540864.55
1534540864.72
1534540864.89
1534540865.06
1534540865.22
1534540865.39
1534540865.55
1534540865.72
1534540865.89
1534540866.05
1534540866.22
1534540866.39
1534540866.55
1534540866.72
1534540866.89
1534540867.05
1534540867.22
1534540867.38
1534540867.55
1534540867.72
1534540867.88
1534540868.05
1534540868.22
1534540868.38
1534540868.55
1534540868.72
1534540868.89
1534540869.05
1534540869.22
1534540869.38
1534540869.55
1534540869.71
1534540869.88
1534540870.05
1534540870.21
1534540870.38
1534540870.55
1534540870.71
1534540870.88
1534540871.05
1534540871.21
1534540871.38
1534540871.55
1534540871.71
1534540871.88
1534540872.05
1534540872.21
1534540872.38
1534540872.55
1534540872.72
1534540872.88
1534540873.04
1534540873.21
1534540873.38
1534540873.54
1534540873.71
1534540873.88
1534540874.04
1534540874.21
1534540874.39
1534540874.54
1534540874.71
1534540874.88
1534540875.04
1534540875.21
1534540875.37
1534540875.54
1534540875.71
1534540875.87
1534540876.04
1534540876.21
1534540876.38
1534540876.54
1534540876.71
1534540876.87
1534540877.04
1534540877.21
1534540877.37
1534540877.54
1534540877.71
1534540877.87
1534540878.04
1534540878.21
1534540878.37
1534540878.54
1534540878.71
1534540878.87
1534540879.04
1534540879.2
1534540879.37
1534540879.54
1534540879.7
1534540879.87
1534540880.04
1534540880.21
1534540880.37
1534540880.54
1534540880.71
1534540880.87
1534540881.04
1534540881.2
1534540881.37
1534540881.54
1534540881.7
1534540881.87
1534540882.04
1534540882.2
1534540882.37
1534540882.54
1534540882.7
1534540882.87
1534540883.04
1534540883.2
1534540883.37
1534540883.53
1534540883.7
1534540883.87
1534540884.03
1534540884.2
1534540884.37
1534540884.53
1534540884.71
1534540884.87
1534540885.03
1534540885.2
1534540885.36
1534540885.53
1534540885.7
1534540885.87
1534540886.03
1534540886.2
1534540886.36
1534540886.53
1534540886.7
1534540886.86
1534540887.03
1534540887.2
1534540887.37
1534540887.53
1534540887.7
1534540887.86
1534540888.03
1534540888.2
1534540888.36
1534540888.53
1534540888.69
1534540888.86
1534540889.03
1534540889.19
1534540889.36
1534540889.53
1534540889.69
1534540889.86
1534540890.03
1534540890.19
1534540890.36
1534540890.53
1534540890.69
1534540890.86
1534540891.03
1534540891.19
1534540891.36
1534540891.53
1534540891.69
1534540891.86
1534540892.02
1534540892.19
1534540892.36
1534540892.52
1534540892.69
1534540892.86
1534540893.02
1534540893.19
1534540893.36
1534540893.53
1534540893.69
1534540893.85
1534540894.03
1534540894.19
1534540894.35
1534540894.52
1534540894.69
1534540894.86
1534540895.02
1534540895.19
1534540895.35
1534540895.52
1534540895.69
1534540895.86
1534540896.02
1534540896.19
1534540896.35
1534540896.52
1534540896.69
1534540896.85
1534540897.02
1534540897.19
1534540897.35
1534540897.52
1534540897.69
1534540897.85
1534540898.02
1534540898.19
1534540898.35
1534540898.52
1534540898.69
1534540898.85
1534540899.02
1534540899.19
1534540899.35
1534540899.52
1534540899.68
1534540899.87
1534540900.02
1534540900.19
1534540900.36
1534540900.52
1534540900.68
1534540900.85
1534540901.02
1534540901.18
1534540901.35
1534540901.52
1534540901.68
1534540901.85
1534540902.01
1534540902.18
1534540902.35
1534540902.51
1534540902.68
1534540902.85
1534540903.01
1534540903.19
1534540903.34
1534540903.52
1534540903.68
1534540903.84
1534540904.01
1534540904.18
1534540904.34
1534540904.51
1534540904.68
1534540904.84
1534540905.01
1534540905.18
1534540905.34
1534540905.51
1534540905.68
1534540905.84
1534540906.01
1534540906.18
1534540906.34
1534540906.51
1534540906.68
1534540906.84
1534540907.01
1534540907.18
1534540907.34
1534540907.51
1534540907.67
1534540907.84
1534540908.01
1534540908.17
1534540908.34
1534540908.51
1534540908.67
1534540908.84
1534540909.01
1534540909.17
1534540909.34
1534540909.51
1534540909.67
1534540909.84
1534540910.01
1534540910.17
1534540910.34
1534540910.5
1534540910.67
1534540910.84
1534540911.0
1534540911.17
1534540911.34
1534540911.51
1534540911.67
1534540911.84
1534540912.0
1534540912.17
1534540912.34
1534540912.5
1534540912.67
1534540912.84
1534540913.0
1534540913.17
1534540913.34
1534540913.5
1534540913.67
1534540913.84
1534540914.0
1534540914.17
1534540914.33
1534540914.5
1534540914.67
1534540914.83
1534540915.0
1534540915.17
1534540915.33
1534540915.5
1534540915.67
1534540915.83
1534540916.0
1534540916.17
1534540916.33
1534540916.5
1534540916.67
1534540916.83
1534540917.0
1534540917.17
1534540917.33
1534540917.5
1534540917.66
1534540917.83
1534540918.0
1534540918.16
1534540918.33
1534540918.5
1534540918.66
1534540918.83
1534540918.99
1534540919.16
1534540919.33
1534540919.49
1534540919.66
1534540919.83
1534540920.0
1534540920.16
1534540920.33
1534540920.5
1534540920.66
1534540920.83
1534540920.99
1534540921.16
1534540921.33
1534540921.49
1534540921.66
1534540921.83
1534540921.99
1534540922.16
1534540922.33
1534540922.49
1534540922.66
1534540922.83
1534540922.99
1534540923.16
1534540923.33
1534540923.49
1534540923.66
1534540923.82
1534540923.99
1534540924.16
1534540924.32
1534540924.49
1534540924.66
1534540924.82
1534540924.99
1534540925.16
1534540925.32
1534540925.49
1534540925.66
1534540925.82
1534540925.99
1534540926.15
1534540926.32
1534540926.49
1534540926.65
1534540926.82
1534540926.99
1534540927.15
1534540927.32
1534540927.49
1534540927.65
1534540927.82
1534540927.99
1534540928.15
1534540928.32
1534540928.49
1534540928.65
1534540928.82
1534540928.99
1534540929.15
1534540929.32
1534540929.49
1534540929.65
1534540929.82
1534540929.99
1534540930.15
1534540930.32
1534540930.48
1534540930.65
1534540930.82
1534540930.98
1534540931.15
1534540931.31
1534540931.48
1534540931.65
1534540931.82
1534540931.98
1534540932.15
1534540932.31
1534540932.48
1534540932.65
1534540932.82
1534540932.98
1534540933.15
1534540933.31
1534540933.48
1534540933.65
1534540933.82
1534540933.98
1534540934.15
1534540934.31
1534540934.48
1534540934.65
1534540934.81
1534540934.98
1534540935.15
1534540935.31
1534540935.48
1534540935.64
1534540935.81
1534540935.98
1534540936.15
1534540936.31
1534540936.48
1534540936.64
1534540936.81
1534540936.98
1534540937.14
1534540937.31
1534540937.48
1534540937.64
1534540937.81
1534540937.97
1534540938.14
1534540938.31
1534540938.47
1534540938.64
1534540938.81
1534540938.98
1534540939.14
1534540939.31
1534540939.47
1534540939.64
1534540939.81
1534540939.97
1534540940.14
1534540940.31
1534540940.47
1534540940.64
1534540940.81
1534540940.97
1534540941.14
1534540941.31
1534540941.48
1534540941.64
1534540941.8
1534540941.97
1534540942.14
1534540942.3
1534540942.48
1534540942.64
1534540942.8
1534540942.97
1534540943.14
1534540943.3
1534540943.47
1534540943.64
1534540943.81
1534540943.97
1534540944.14
1534540944.3
1534540944.47
1534540944.64
1534540944.81
1534540944.97
1534540945.14
1534540945.31
1534540945.47
1534540945.63
1534540945.8
1534540945.97
1534540946.13
1534540946.3
1534540946.47
1534540946.63
1534540946.8
1534540946.97
1534540947.13
1534540947.3
1534540947.46
1534540947.63
1534540947.8
1534540947.97
1534540948.13
1534540948.3
1534540948.46
